a=zeros(2,5);
b=ones(5,1);
c=[1 2 3 4 5;0 2 4 6 8;8 7 2 5 9];
x=[a;c];
M=[x b]
