pai0=9801/(1103*2*sqrt(2))
pai1=pai0+9801*396^4/(4*3*2*(1103+26390)*2*sqrt(2))